Query,Doc-Length,Span,Min-Span,Normalized-Span,Normalized-Min-Span,Min-Distance,Ave-Distance,Max-Distance
NTCIR12-MathWiki-1,-0.24700854700854702,-0.24700854700854702,0.03076923076923077,0.03076923076923077,-0.08034188034188039,-0.24700854700854702,-0.24700854700854702
NTCIR12-MathWiki-2,0.2650602409638554,0.2650602409638554,-0.3460508701472558,0.2650602409638554,0.15394912985274423,0.2650602409638554,0.2650602409638554
NTCIR12-MathWiki-3,-0.23968253968253972,0.37142857142857144,0.37142857142857144,0.37142857142857144,-0.6285714285714286,0.37142857142857144,0.37142857142857144
NTCIR12-MathWiki-4,-0.3813131313131313,-0.2702020202020202,0.06313131313131315,-0.2702020202020202,0.22979797979797978,0.06313131313131315,-0.2702020202020202
NTCIR12-MathWiki-5,-0.3867924528301887,-0.10901467505241097,-0.3867924528301887,-0.3867924528301887,0.5020964360587001,-0.3867924528301887,-0.3867924528301887
NTCIR12-MathWiki-6,-0.17557251908396945,-0.17557251908396945,-0.06446140797285835,-0.17557251908396945,0.4355385920271416,-0.17557251908396945,-0.17557251908396945
NTCIR12-MathWiki-7,-0.008928571428571428,-0.008928571428571428,-0.008928571428571428,-0.008928571428571428,-0.008928571428571428,-0.008928571428571428,-0.008928571428571428
NTCIR12-MathWiki-8,0.1188118811881188,0.007700770077007646,-0.6034103410341034,-0.7700770077007701,-0.8811881188118812,0.1188118811881188,0.1188118811881188
NTCIR12-MathWiki-9,-0.7129629629629629,0.2870370370370371,-0.10185185185185186,-0.10185185185185186,-0.7129629629629629,-0.7129629629629629,-0.6018518518518519
NTCIR12-MathWiki-10,0.3127734033245844,0.3127734033245844,-0.4094488188976378,-0.4094488188976378,-0.4094488188976378,-0.02055993000874895,0.3127734033245844
NTCIR12-MathWiki-11,0.3389830508474576,0.06120527306967982,0.22787193973634645,0.22787193973634645,0.06120527306967982,0.3389830508474576,0.3389830508474576
NTCIR12-MathWiki-12,0.5,-0.5,-0.22222222222222227,-0.11111111111111116,0.11111111111111105,0.5,0.5
NTCIR12-MathWiki-13,-0.532608695652174,0.3562801932367149,0.0785024154589371,-0.532608695652174,-0.532608695652174,-0.532608695652174,-0.42149758454106284
NTCIR12-MathWiki-14,-0.36764705882352944,-0.25653594771241833,-0.36764705882352944,-0.36764705882352944,-0.36764705882352944,-0.36764705882352944,-0.36764705882352944
NTCIR12-MathWiki-15,-0.5315315315315315,0.46846846846846846,-0.42042042042042044,0.19069069069069067,0.19069069069069067,0.0795795795795795,-0.5315315315315315
NTCIR12-MathWiki-16,0.03111111111111106,-0.13555555555555557,-0.24666666666666667,-0.24666666666666667,-0.24666666666666667,-0.24666666666666667,0.03111111111111106
NTCIR12-MathWiki-17,-0.6554621848739496,-0.04435107376283853,-0.6554621848739496,-0.5443510737628385,-0.26657329598506074,-0.6554621848739496,-0.37768440709617185
NTCIR12-MathWiki-18,0.11569826707441377,-0.4954128440366973,-0.4954128440366973,-0.4954128440366973,0.11569826707441377,-0.21763506625891954,-0.4954128440366973
NTCIR12-MathWiki-19,-0.009259259259259259,-0.009259259259259259,-0.009259259259259259,-0.009259259259259259,-0.009259259259259259,-0.009259259259259259,-0.009259259259259259
NTCIR12-MathWiki-20,-0.48055555555555557,0.4083333333333333,-0.5916666666666667,-0.5916666666666667,-0.5916666666666667,-0.48055555555555557,-0.48055555555555557
NTCIR12-MathWiki-21,-0.4,-0.011111111111111183,-0.12222222222222229,-0.4,-0.011111111111111183,-0.4,-0.4
NTCIR12-MathWiki-22,-0.296875,-0.296875,-0.296875,0.31423611111111105,0.703125,-0.296875,-0.296875
NTCIR12-MathWiki-23,-0.4020618556701031,0.48682703321878573,0.3201603665521191,-0.12428407789232537,0.20904925544100794,0.48682703321878573,-0.290950744558992
NTCIR12-MathWiki-24,-0.2777777777777778,-0.05555555555555558,-0.3888888888888889,0.2222222222222222,-0.2777777777777778,-0.05555555555555558,-0.2777777777777778
NTCIR12-MathWiki-25,-0.11702127659574468,-0.11702127659574468,-0.11702127659574468,-0.11702127659574468,-0.11702127659574468,-0.11702127659574468,-0.11702127659574468
NTCIR12-MathWiki-26,-0.4318181818181818,-0.3207070707070707,0.5681818181818181,-0.4318181818181818,-0.4318181818181818,-0.3207070707070707,0.2904040404040404
NTCIR12-MathWiki-27,-0.13351254480286745,-0.4112903225806452,-0.4112903225806452,0.19982078853046586,-0.4112903225806452,0.19982078853046586,-0.13351254480286745
NTCIR12-MathWiki-28,-0.26744186046511625,-0.26744186046511625,0.6214470284237725,-0.26744186046511625,-0.26744186046511625,-0.26744186046511625,-0.26744186046511625
NTCIR12-MathWiki-29,0.027777777777777735,0.36111111111111105,-0.25,-0.25,-0.25,-0.25,0.36111111111111105
NTCIR12-MathWiki-30,-0.4918032786885246,0.11930783242258647,-0.4918032786885246,-0.4918032786885246,-0.4918032786885246,-0.4918032786885246,-0.4918032786885246
