Query,Doc-Length,Span,Min-Span,Normalized-Span,Normalized-Min-Span,Min-Distance,Ave-Distance,Max-Distance
NTCIR12-MathWiki-1,0.03076923076923077,0.03076923076923077,0.03076923076923077,0.03076923076923077,-0.24700854700854702,0.03076923076923077,0.03076923076923077
NTCIR12-MathWiki-2,0.2650602409638554,0.2650602409638554,0.15394912985274423,0.15394912985274423,0.2650602409638554,0.15394912985274423,0.2650602409638554
NTCIR12-MathWiki-3,-0.6285714285714286,-0.3507936507936508,0.37142857142857144,0.37142857142857144,-0.23968253968253972,0.09365079365079365,-0.5174603174603174
NTCIR12-MathWiki-4,-0.04797979797979801,0.06313131313131315,-0.2702020202020202,-0.547979797979798,0.34090909090909094,0.34090909090909094,-0.04797979797979801
NTCIR12-MathWiki-5,-0.10901467505241097,-0.2756813417190776,-0.10901467505241097,-0.3867924528301887,-0.3867924528301887,0.22431865828092235,0.002096436058700135
NTCIR12-MathWiki-6,-0.17557251908396945,-0.06446140797285835,-0.17557251908396945,-0.17557251908396945,-0.17557251908396945,-0.17557251908396945,-0.17557251908396945
NTCIR12-MathWiki-7,-0.008928571428571428,-0.008928571428571428,-0.008928571428571428,-0.008928571428571428,-0.008928571428571428,-0.008928571428571428,-0.008928571428571428
NTCIR12-MathWiki-8,0.1188118811881188,0.1188118811881188,-0.15896589658965898,0.1188118811881188,0.1188118811881188,0.1188118811881188,0.1188118811881188
NTCIR12-MathWiki-9,0.0092592592592593,0.2870370370370371,0.17592592592592593,-0.32407407407407407,-0.7129629629629629,0.2870370370370371,0.2870370370370371
NTCIR12-MathWiki-10,0.47944006999125105,0.3127734033245844,0.5905511811023623,0.3127734033245844,-0.4094488188976378,-0.2983377077865267,0.47944006999125105
NTCIR12-MathWiki-11,-0.27212806026365355,0.22787193973634645,-0.04990583804143134,-0.38323917137476465,0.06120527306967982,-0.27212806026365355,-0.27212806026365355
NTCIR12-MathWiki-12,0.11111111111111105,0.2222222222222222,-0.3888888888888889,-0.5,-0.3888888888888889,0.5,-0.3888888888888889
NTCIR12-MathWiki-13,-0.532608695652174,0.0785024154589371,-0.42149758454106284,-0.1437198067632851,-0.532608695652174,0.46739130434782605,0.0785024154589371
NTCIR12-MathWiki-14,-0.25653594771241833,0.6323529411764706,-0.36764705882352944,0.5212418300653594,-0.36764705882352944,0.5212418300653594,-0.36764705882352944
NTCIR12-MathWiki-15,-0.1426426426426427,0.0795795795795795,0.3573573573573573,-0.42042042042042044,-0.5315315315315315,0.3573573573573573,-0.42042042042042044
NTCIR12-MathWiki-16,-0.24666666666666667,0.6422222222222221,-0.24666666666666667,0.36444444444444435,-0.24666666666666667,-0.24666666666666667,-0.24666666666666667
NTCIR12-MathWiki-17,0.06676003734827263,0.3445378151260504,0.3445378151260504,-0.26657329598506074,-0.6554621848739496,-0.04435107376283853,0.3445378151260504
NTCIR12-MathWiki-18,-0.10652395514780844,0.39347604485219156,-0.21763506625891954,-0.10652395514780844,-0.4954128440366973,-0.4954128440366973,-0.10652395514780844
NTCIR12-MathWiki-19,-0.009259259259259259,-0.009259259259259259,-0.009259259259259259,-0.009259259259259259,-0.009259259259259259,-0.009259259259259259,-0.009259259259259259
NTCIR12-MathWiki-20,0.29722222222222217,0.019444444444444375,-0.20277777777777783,0.13055555555555554,-0.5916666666666667,0.4083333333333333,0.29722222222222217
NTCIR12-MathWiki-21,-0.4,-0.4,-0.12222222222222229,-0.4,-0.12222222222222229,-0.4,-0.2888888888888889
NTCIR12-MathWiki-22,0.5920138888888888,-0.019097222222222265,-0.296875,0.5920138888888888,-0.296875,-0.296875,0.09201388888888884
NTCIR12-MathWiki-23,0.20904925544100794,-0.290950744558992,-0.12428407789232537,0.20904925544100794,0.48682703321878573,0.3201603665521191,0.20904925544100794
NTCIR12-MathWiki-24,0.33333333333333337,-0.5555555555555556,0.2222222222222222,-0.3888888888888889,-0.2777777777777778,0.2222222222222222,0.33333333333333337
NTCIR12-MathWiki-25,-0.11702127659574468,-0.11702127659574468,-0.11702127659574468,-0.11702127659574468,-0.11702127659574468,-0.11702127659574468,-0.11702127659574468
NTCIR12-MathWiki-26,0.17929292929292923,-0.4318181818181818,-0.1540404040404041,-0.1540404040404041,-0.3207070707070707,-0.4318181818181818,0.17929292929292923
NTCIR12-MathWiki-27,0.5887096774193548,-0.3001792114695341,-0.13351254480286745,0.5887096774193548,-0.3001792114695341,0.47759856630824365,-0.3001792114695341
NTCIR12-MathWiki-28,0.01033591731266148,0.01033591731266148,-0.26744186046511625,-0.15633074935400515,-0.26744186046511625,-0.26744186046511625,0.12144702842377259
NTCIR12-MathWiki-29,0.75,0.027777777777777735,0.4722222222222222,-0.25,-0.25,0.027777777777777735,0.6388888888888888
NTCIR12-MathWiki-30,0.39708561020036426,0.23041894353369763,-0.4918032786885246,0.23041894353369763,-0.4918032786885246,0.23041894353369763,0.39708561020036426
