Query,Doc-Length,Span,Min-Span,Normalized-Span,Normalized-Min-Span,Min-Distance,Ave-Distance,Max-Distance
NTCIR12-MathWiki-1,0.017857142857142905,0.017857142857142905,0.017857142857142905,0.017857142857142905,0.017857142857142905,0.017857142857142905,0.017857142857142905
NTCIR12-MathWiki-2,0.19298245614035092,0.19298245614035092,-0.19590643274853803,0.19298245614035092,0.19298245614035092,0.19298245614035092,0.19298245614035092
NTCIR12-MathWiki-3,0.24444444444444435,0.3555555555555555,0.3555555555555555,0.3555555555555555,0.3555555555555555,0.07777777777777772,0.24444444444444435
NTCIR12-MathWiki-4,0.32835820895522383,0.21724709784411267,0.21724709784411267,0.32835820895522383,0.21724709784411267,-0.5605306799336651,-0.28275290215588733
NTCIR12-MathWiki-5,-0.422680412371134,0.5773195876288659,0.18843069873997703,-0.3115693012600229,-0.422680412371134,0.2995418098510882,-0.422680412371134
NTCIR12-MathWiki-6,-0.18487394957983194,-0.18487394957983194,-0.18487394957983194,0.4262371615312791,-0.18487394957983194,0.5373482726423903,-0.18487394957983194
NTCIR12-MathWiki-7,-0.008928571428571428,-0.008928571428571428,-0.008928571428571428,-0.008928571428571428,-0.008928571428571428,-0.008928571428571428,-0.008928571428571428
NTCIR12-MathWiki-8,0.12,0.12,0.12,0.12,-0.6022222222222222,0.12,0.12
NTCIR12-MathWiki-9,-0.004192872117400381,0.2735849056603774,-0.11530398322851154,-0.11530398322851154,-0.7264150943396226,-0.44863731656184486,-0.004192872117400381
NTCIR12-MathWiki-10,-0.02055993000874895,-0.2983377077865267,-0.4094488188976378,0.3127734033245844,-0.2983377077865267,0.3127734033245844,-0.02055993000874895
NTCIR12-MathWiki-11,0.06120527306967982,0.06120527306967982,0.22787193973634645,0.06120527306967982,-0.38323917137476465,0.22787193973634645,0.22787193973634645
NTCIR12-MathWiki-12,-0.10522875816993471,-0.38300653594771245,-0.38300653594771245,-0.38300653594771245,0.22810457516339866,0.5058823529411764,0.3947712418300653
NTCIR12-MathWiki-13,0.33207070707070707,-0.5568181818181818,0.33207070707070707,0.44318181818181823,-0.44570707070707066,0.44318181818181823,0.33207070707070707
NTCIR12-MathWiki-14,0.49826388888888884,-0.390625,0.609375,-0.11284722222222227,-0.2795138888888889,0.3315972222222222,0.609375
NTCIR12-MathWiki-15,-0.543117744610282,-0.8208955223880597,0.0679933665008291,-0.543117744610282,0.17910447761194026,-0.4320066334991709,-0.7097844112769487
NTCIR12-MathWiki-16,0.02607709750566889,-0.25170068027210885,0.3594104308390022,0.6371882086167799,-0.25170068027210885,-0.25170068027210885,0.3594104308390022
NTCIR12-MathWiki-17,-0.7238095238095238,-0.33492063492063495,-0.0015873015873015817,-0.0015873015873015817,-0.33492063492063495,-0.0015873015873015817,-0.6126984126984127
NTCIR12-MathWiki-18,-0.13636363636363646,0.1969696969696969,-0.13636363636363646,0.1969696969696969,-0.4141414141414142,0.08585858585858575,-0.13636363636363646
NTCIR12-MathWiki-19,0.0,0.0,0.0,0.0,0.0,0.0,0.0
NTCIR12-MathWiki-20,0.3931623931623932,0.11538461538461542,0.11538461538461542,0.3931623931623932,-0.6068376068376068,-0.21794871794871795,0.3931623931623932
NTCIR12-MathWiki-21,0.1973180076628352,0.1973180076628352,0.1973180076628352,0.1973180076628352,0.1973180076628352,-0.30268199233716475,0.1973180076628352
NTCIR12-MathWiki-22,-0.08496732026143794,0.24836601307189538,0.35947712418300654,-0.25163398692810457,-0.3627450980392157,0.24836601307189538,-0.08496732026143794
NTCIR12-MathWiki-23,0.2273901808785529,-0.27260981912144705,-0.27260981912144705,-0.10594315245478042,0.2273901808785529,-0.27260981912144705,0.2273901808785529
NTCIR12-MathWiki-24,0.3375,0.05972222222222223,0.3375,0.22638888888888886,0.3375,-0.5513888888888889,0.3375
NTCIR12-MathWiki-25,-0.12643678160919541,-0.12643678160919541,0.48467432950191564,-0.12643678160919541,-0.12643678160919541,0.15134099616858232,-0.12643678160919541
NTCIR12-MathWiki-26,-0.4318181818181818,0.17929292929292923,0.17929292929292923,-0.4318181818181818,-0.4318181818181818,-0.4318181818181818,-0.4318181818181818
NTCIR12-MathWiki-27,0.310931899641577,-0.4112903225806452,0.47759856630824365,-0.4112903225806452,-0.4112903225806452,-0.13351254480286745,0.310931899641577
NTCIR12-MathWiki-28,-0.018996415770609343,0.09211469534050176,-0.2967741935483871,-0.18566308243727597,-0.2967741935483871,-0.2967741935483871,-0.018996415770609343
NTCIR12-MathWiki-29,-0.2857142857142857,-0.2857142857142857,0.10317460317460314,-0.2857142857142857,-0.2857142857142857,0.32539682539682535,-0.2857142857142857
NTCIR12-MathWiki-30,-0.40170940170940167,0.09829059829059827,-0.12393162393162394,-0.23504273504273504,-0.5128205128205128,-0.5128205128205128,-0.40170940170940167
