Query,Doc-Length,Span,Min-Span,Normalized-Span,Normalized-Min-Span,Min-Distance,Ave-Distance,Max-Distance
NTCIR12-MathWiki-1,0.017857142857142905,0.017857142857142905,0.017857142857142905,0.017857142857142905,0.017857142857142905,0.017857142857142905,0.017857142857142905
NTCIR12-MathWiki-2,0.19298245614035092,0.19298245614035092,0.19298245614035092,0.19298245614035092,0.19298245614035092,0.19298245614035092,0.19298245614035092
NTCIR12-MathWiki-3,-0.36666666666666675,0.3555555555555555,0.3555555555555555,0.3555555555555555,0.3555555555555555,-0.6444444444444445,0.07777777777777772
NTCIR12-MathWiki-4,0.32835820895522383,0.32835820895522383,0.32835820895522383,0.32835820895522383,0.21724709784411267,0.32835820895522383,0.32835820895522383
NTCIR12-MathWiki-5,-0.3115693012600229,-0.422680412371134,0.4662084765177548,-0.14490263459335628,-0.422680412371134,0.4662084765177548,-0.3115693012600229
NTCIR12-MathWiki-6,-0.18487394957983194,0.09290382819794579,-0.18487394957983194,-0.18487394957983194,-0.18487394957983194,-0.18487394957983194,-0.18487394957983194
NTCIR12-MathWiki-7,-0.008928571428571428,-0.008928571428571428,-0.008928571428571428,-0.008928571428571428,-0.008928571428571428,-0.008928571428571428,-0.008928571428571428
NTCIR12-MathWiki-8,0.12,0.12,0.008888888888888835,0.12,0.12,0.12,0.12
NTCIR12-MathWiki-9,0.2735849056603774,0.16247379454926625,-0.004192872117400381,0.2735849056603774,-0.44863731656184486,0.2735849056603774,0.2735849056603774
NTCIR12-MathWiki-10,0.47944006999125105,0.3127734033245844,0.5905511811023623,0.3127734033245844,-0.4094488188976378,-0.2983377077865267,0.47944006999125105
NTCIR12-MathWiki-11,-0.27212806026365355,0.22787193973634645,-0.04990583804143134,-0.38323917137476465,0.06120527306967982,-0.27212806026365355,-0.27212806026365355
NTCIR12-MathWiki-12,0.22810457516339866,0.1169934640522875,-0.38300653594771245,-0.49411764705882355,-0.21633986928104582,0.1169934640522875,0.3947712418300653
NTCIR12-MathWiki-13,-0.16792929292929293,-0.16792929292929293,0.44318181818181823,0.44318181818181823,0.16540404040404044,0.44318181818181823,0.16540404040404044
NTCIR12-MathWiki-14,-0.390625,0.609375,-0.0017361111111111605,0.3315972222222222,-0.390625,0.22048611111111105,-0.390625
NTCIR12-MathWiki-15,0.0679933665008291,-0.2097844112769487,0.17910447761194026,-0.4320066334991709,-0.09867330016583753,-0.4320066334991709,-0.09867330016583753
NTCIR12-MathWiki-16,-0.25170068027210885,0.02607709750566889,0.3594104308390022,0.47052154195011336,-0.25170068027210885,-0.14058956916099774,-0.25170068027210885
NTCIR12-MathWiki-17,0.2761904761904762,0.2761904761904762,0.2761904761904762,0.2761904761904762,-0.44603174603174606,0.16507936507936505,0.2761904761904762
NTCIR12-MathWiki-18,0.4747474747474747,-0.4141414141414142,-0.4141414141414142,0.36363636363636354,-0.4141414141414142,-0.5252525252525253,0.4747474747474747
NTCIR12-MathWiki-19,0.0,0.0,0.0,0.0,0.0,0.0,0.0
NTCIR12-MathWiki-20,0.28205128205128205,0.004273504273504258,0.3931623931623932,-0.4957264957264957,-0.6068376068376068,0.3931623931623932,0.28205128205128205
NTCIR12-MathWiki-21,-0.024904214559387017,0.1973180076628352,-0.024904214559387017,0.1973180076628352,0.1973180076628352,-0.30268199233716475,-0.024904214559387017
NTCIR12-MathWiki-22,-0.08496732026143794,0.026143790849673165,-0.25163398692810457,0.5261437908496731,-0.3627450980392157,-0.3627450980392157,-0.08496732026143794
NTCIR12-MathWiki-23,0.33850129198966405,-0.27260981912144705,0.0051679586563306845,0.5051679586563307,0.5051679586563307,0.5051679586563307,0.2273901808785529
NTCIR12-MathWiki-24,0.22638888888888886,-0.5513888888888889,0.3375,-0.38472222222222224,-0.05138888888888893,0.22638888888888886,0.22638888888888886
NTCIR12-MathWiki-25,0.15134099616858232,-0.12643678160919541,-0.01532567049808431,0.48467432950191564,-0.01532567049808431,-0.12643678160919541,0.15134099616858232
NTCIR12-MathWiki-26,0.17929292929292923,0.17929292929292923,-0.4318181818181818,-0.042929292929292984,-0.3207070707070707,0.17929292929292923,0.17929292929292923
NTCIR12-MathWiki-27,-0.4112903225806452,-0.4112903225806452,-0.022401433691756345,-0.13351254480286745,-0.3001792114695341,-0.022401433691756345,-0.4112903225806452
NTCIR12-MathWiki-28,-0.018996415770609343,-0.018996415770609343,-0.2967741935483871,0.7032258064516129,-0.2967741935483871,0.5921146953405018,-0.018996415770609343
NTCIR12-MathWiki-29,0.32539682539682535,-0.1746031746031746,-0.007936507936507964,-0.1746031746031746,0.4365079365079365,-0.1746031746031746,0.32539682539682535
NTCIR12-MathWiki-30,-0.12393162393162394,0.09829059829059827,-0.5128205128205128,0.4871794871794872,-0.5128205128205128,0.37606837606837606,-0.12393162393162394
