Query,Doc-Length,Span,Min-Span,Normalized-Span,Normalized-Min-Span,Min-Distance,Ave-Distance,Max-Distance
NTCIR12-MathWiki-1,0.03076923076923077,0.03076923076923077,0.03076923076923077,0.03076923076923077,0.03076923076923077,0.03076923076923077,0.03076923076923077
NTCIR12-MathWiki-2,0.2650602409638554,0.2650602409638554,0.2650602409638554,0.15394912985274423,0.2650602409638554,0.2650602409638554,0.2650602409638554
NTCIR12-MathWiki-3,-0.3507936507936508,0.09365079365079365,0.37142857142857144,-0.3507936507936508,0.09365079365079365,0.2603174603174603,0.37142857142857144
NTCIR12-MathWiki-4,-0.2702020202020202,0.06313131313131315,0.34090909090909094,0.06313131313131315,-0.04797979797979801,-0.547979797979798,-0.547979797979798
NTCIR12-MathWiki-5,-0.3867924528301887,-0.3867924528301887,0.002096436058700135,0.3354297693920335,-0.3867924528301887,-0.3867924528301887,-0.3867924528301887
NTCIR12-MathWiki-6,-0.17557251908396945,-0.17557251908396945,0.8244274809160306,0.4355385920271416,0.4355385920271416,-0.17557251908396945,-0.17557251908396945
NTCIR12-MathWiki-7,-0.008928571428571428,-0.008928571428571428,-0.008928571428571428,-0.008928571428571428,-0.008928571428571428,-0.008928571428571428,-0.008928571428571428
NTCIR12-MathWiki-8,0.1188118811881188,-0.49229922992299235,-0.49229922992299235,0.1188118811881188,0.1188118811881188,0.1188118811881188,0.1188118811881188
NTCIR12-MathWiki-9,-0.7129629629629629,0.17592592592592593,0.2870370370370371,0.17592592592592593,-0.7129629629629629,-0.7129629629629629,-0.7129629629629629
NTCIR12-MathWiki-10,-0.13167104111986005,-0.13167104111986005,0.47944006999125105,-0.4094488188976378,-0.4094488188976378,-0.02055993000874895,-0.13167104111986005
NTCIR12-MathWiki-11,0.3389830508474576,0.3389830508474576,-0.27212806026365355,0.06120527306967982,0.06120527306967982,-0.27212806026365355,0.3389830508474576
NTCIR12-MathWiki-12,0.5,0.38888888888888884,-0.22222222222222227,0.5,-0.22222222222222227,0.38888888888888884,0.5
NTCIR12-MathWiki-13,-0.532608695652174,0.0785024154589371,0.46739130434782605,0.0785024154589371,-0.532608695652174,-0.532608695652174,-0.532608695652174
NTCIR12-MathWiki-14,-0.36764705882352944,-0.36764705882352944,0.6323529411764706,0.35457516339869277,-0.36764705882352944,-0.36764705882352944,-0.36764705882352944
NTCIR12-MathWiki-15,-0.5315315315315315,0.46846846846846846,-0.1426426426426427,0.46846846846846846,-0.5315315315315315,-0.5315315315315315,-0.5315315315315315
NTCIR12-MathWiki-16,-0.24666666666666667,-0.13555555555555557,0.14222222222222217,0.36444444444444435,-0.24666666666666667,-0.24666666666666667,-0.13555555555555557
NTCIR12-MathWiki-17,-0.6554621848739496,-0.37768440709617185,-0.6554621848739496,-0.04435107376283853,-0.04435107376283853,-0.6554621848739496,-0.5443510737628385
NTCIR12-MathWiki-18,0.11569826707441377,-0.4954128440366973,0.5045871559633027,-0.4954128440366973,-0.38430173292558617,-0.4954128440366973,-0.38430173292558617
NTCIR12-MathWiki-19,-0.009259259259259259,-0.009259259259259259,-0.009259259259259259,-0.009259259259259259,-0.009259259259259259,-0.009259259259259259,-0.009259259259259259
NTCIR12-MathWiki-20,-0.48055555555555557,0.4083333333333333,-0.20277777777777783,0.13055555555555554,-0.5916666666666667,-0.48055555555555557,-0.48055555555555557
NTCIR12-MathWiki-21,-0.4,-0.12222222222222229,0.21111111111111103,0.21111111111111103,-0.2888888888888889,-0.2888888888888889,-0.2888888888888889
NTCIR12-MathWiki-22,-0.296875,-0.296875,-0.296875,-0.296875,-0.296875,-0.296875,-0.296875
NTCIR12-MathWiki-23,-0.013172966781214268,-0.12428407789232537,0.20904925544100794,-0.290950744558992,0.20904925544100794,-0.013172966781214268,-0.013172966781214268
NTCIR12-MathWiki-24,-0.3888888888888889,0.33333333333333337,-0.3888888888888889,0.33333333333333337,-0.2777777777777778,-0.5555555555555556,-0.3888888888888889
NTCIR12-MathWiki-25,-0.11702127659574468,-0.11702127659574468,0.49408983451536637,0.27186761229314416,-0.11702127659574468,-0.11702127659574468,-0.11702127659574468
NTCIR12-MathWiki-26,-0.4318181818181818,-0.042929292929292984,0.5681818181818181,0.5681818181818181,-0.3207070707070707,-0.4318181818181818,0.2904040404040404
NTCIR12-MathWiki-27,-0.3001792114695341,-0.13351254480286745,-0.4112903225806452,0.310931899641577,-0.3001792114695341,-0.3001792114695341,-0.022401433691756345
NTCIR12-MathWiki-28,-0.26744186046511625,-0.26744186046511625,0.6214470284237725,-0.26744186046511625,-0.26744186046511625,-0.26744186046511625,-0.26744186046511625
NTCIR12-MathWiki-29,0.027777777777777735,0.36111111111111105,-0.25,-0.25,-0.25,-0.25,0.36111111111111105
NTCIR12-MathWiki-30,-0.4918032786885246,-0.4918032786885246,0.5081967213114754,-0.4918032786885246,-0.4918032786885246,-0.4918032786885246,-0.4918032786885246
