Query,Doc-Length,Span,Min-Span,Normalized-Span,Normalized-Min-Span,Min-Distance,Ave-Distance,Max-Distance
NTCIR12-MathWiki-1,-0.2599206349206349,-0.09325396825396826,0.017857142857142905,0.017857142857142905,-0.09325396825396826,-0.2599206349206349,-0.2599206349206349
NTCIR12-MathWiki-2,0.19298245614035092,0.08187134502923976,0.19298245614035092,-0.08479532163742687,0.08187134502923976,0.19298245614035092,0.19298245614035092
NTCIR12-MathWiki-3,0.24444444444444435,-0.6444444444444445,-0.25555555555555565,-0.36666666666666675,-0.6444444444444445,0.3555555555555555,0.3555555555555555
NTCIR12-MathWiki-4,0.32835820895522383,0.32835820895522383,0.21724709784411267,0.32835820895522383,0.21724709784411267,0.32835820895522383,0.32835820895522383
NTCIR12-MathWiki-5,-0.422680412371134,0.2995418098510882,0.18843069873997703,0.5773195876288659,0.4662084765177548,-0.14490263459335628,-0.422680412371134
NTCIR12-MathWiki-6,-0.18487394957983194,-0.18487394957983194,-0.18487394957983194,-0.18487394957983194,-0.18487394957983194,-0.18487394957983194,-0.18487394957983194
NTCIR12-MathWiki-7,-0.008928571428571428,-0.008928571428571428,-0.008928571428571428,-0.008928571428571428,-0.008928571428571428,-0.008928571428571428,-0.008928571428571428
NTCIR12-MathWiki-8,0.12,0.12,-0.49111111111111116,0.12,-0.88,0.12,0.12
NTCIR12-MathWiki-9,0.2735849056603774,0.2735849056603774,-0.7264150943396226,-0.11530398322851154,-0.7264150943396226,0.16247379454926625,0.2735849056603774
NTCIR12-MathWiki-10,0.3127734033245844,0.3127734033245844,-0.4094488188976378,-0.4094488188976378,-0.4094488188976378,-0.02055993000874895,0.3127734033245844
NTCIR12-MathWiki-11,0.3389830508474576,0.06120527306967982,0.22787193973634645,0.22787193973634645,0.06120527306967982,0.3389830508474576,0.3389830508474576
NTCIR12-MathWiki-12,0.3947712418300653,-0.38300653594771245,-0.10522875816993471,-0.10522875816993471,0.1169934640522875,0.3947712418300653,0.5058823529411764
NTCIR12-MathWiki-13,-0.27904040404040403,0.44318181818181823,0.05429292929292928,-0.44570707070707066,-0.44570707070707066,-0.16792929292929293,-0.27904040404040403
NTCIR12-MathWiki-14,-0.11284722222222227,-0.2795138888888889,-0.390625,-0.390625,-0.390625,-0.390625,-0.11284722222222227
NTCIR12-MathWiki-15,0.17910447761194026,0.0679933665008291,-0.543117744610282,-0.09867330016583753,0.17910447761194026,0.17910447761194026,0.17910447761194026
NTCIR12-MathWiki-16,-0.14058956916099774,-0.14058956916099774,-0.25170068027210885,-0.25170068027210885,-0.25170068027210885,-0.25170068027210885,-0.14058956916099774
NTCIR12-MathWiki-17,0.2761904761904762,0.16507936507936505,-0.11269841269841274,-0.33492063492063495,0.2761904761904762,0.2761904761904762,0.2761904761904762
NTCIR12-MathWiki-18,-0.13636363636363646,-0.5252525252525253,0.1969696969696969,-0.4141414141414142,0.36363636363636354,-0.24747474747474757,-0.13636363636363646
NTCIR12-MathWiki-19,0.0,0.0,0.0,0.0,0.0,0.0,0.0
NTCIR12-MathWiki-20,0.3931623931623932,0.3931623931623932,-0.4957264957264957,-0.4957264957264957,-0.6068376068376068,0.3931623931623932,0.3931623931623932
NTCIR12-MathWiki-21,-0.024904214559387017,0.1973180076628352,0.1973180076628352,0.1973180076628352,0.1973180076628352,0.1973180076628352,0.1973180076628352
NTCIR12-MathWiki-22,-0.3627450980392157,0.026143790849673165,-0.3627450980392157,0.24836601307189538,0.6372549019607843,-0.3627450980392157,-0.3627450980392157
NTCIR12-MathWiki-23,-0.10594315245478042,0.6162790697674418,0.33850129198966405,-0.10594315245478042,0.2273901808785529,0.5051679586563307,0.2273901808785529
NTCIR12-MathWiki-24,0.22638888888888886,-0.05138888888888893,-0.27361111111111114,0.3375,0.3375,0.22638888888888886,0.22638888888888886
NTCIR12-MathWiki-25,-0.12643678160919541,-0.12643678160919541,-0.12643678160919541,0.48467432950191564,-0.12643678160919541,-0.12643678160919541,-0.12643678160919541
NTCIR12-MathWiki-26,0.17929292929292923,-0.3207070707070707,-0.3207070707070707,-0.1540404040404041,-0.4318181818181818,-0.4318181818181818,0.17929292929292923
NTCIR12-MathWiki-27,0.5887096774193548,-0.4112903225806452,-0.4112903225806452,-0.13351254480286745,-0.4112903225806452,0.5887096774193548,0.5887096774193548
NTCIR12-MathWiki-28,-0.2967741935483871,-0.018996415770609343,0.5921146953405018,-0.2967741935483871,-0.2967741935483871,-0.2967741935483871,-0.2967741935483871
NTCIR12-MathWiki-29,-0.007936507936507964,-0.1746031746031746,-0.2857142857142857,-0.2857142857142857,-0.2857142857142857,-0.2857142857142857,-0.007936507936507964
NTCIR12-MathWiki-30,-0.5128205128205128,0.20940170940170943,-0.5128205128205128,-0.5128205128205128,-0.5128205128205128,0.09829059829059827,-0.5128205128205128
